-3.7437420,-38.5772130
-3.7437420,-38.5772130
-3.7437420,-38.5772130
-3.7437410,-38.5772130
-3.7437410,-38.5772130
-3.7437410,-38.5772130
-3.7437390,-38.5772130
-3.7437390,-38.5772130
-3.7437390,-38.5772130
-3.7437370,-38.5772170
-3.7437390,-38.5772170
-3.7437390,-38.5772130
-3.7437390,-38.5772130
-3.7437290,-38.5771940
-3.7437160,-38.5771680
-3.7436970,-38.5771290
-3.7436670,-38.5770800
-3.7436350,-38.5770260
-3.7436030,-38.5769770
-3.7435780,-38.5769120
-3.7435560,-38.5768430
-3.7435290,-38.5767860
-3.7435000,-38.5767210
-3.7434740,-38.5766600
-3.7434450,-38.5765950
-3.7434170,-38.5765270
-3.7433910,-38.5764540
-3.7433670,-38.5763740
-3.7433400,-38.5763090
-3.7433150,-38.5762440
-3.7432960,-38.5761950
-3.7432640,-38.5761450
-3.7432200,-38.5760990
-3.7431770,-38.5760610
-3.7431220,-38.5760420
-3.7430520,-38.5760310
-3.7429740,-38.5760150
-3.7429040,-38.5759850
-3.7428330,-38.5759540
-3.7427640,-38.5759010
-3.7426920,-38.5758710
-3.7426190,-38.5758400
-3.7425540,-38.5758210
-3.7425060,-38.5758130
-3.7424550,-38.5758060
-3.7423920,-38.5758020
-3.7423190,-38.5757940
-3.7422470,-38.5757830
-3.7421650,-38.5757750
-3.7420850,-38.5757680
-3.7419920,-38.5757750
-3.7418990,-38.5757870
-3.7418140,-38.5758130
-3.7417340,-38.5758400
-3.7416700,-38.5758710
-3.7416220,-38.5758780
-3.7415800,-38.5758710
-3.7415440,-38.5758400
-3.7415240,-38.5757940
-3.7414960,-38.5757450
-3.7414770,-38.5756800
-3.7414510,-38.5756110
-3.7414200,-38.5755350
-3.7413940,-38.5754510
-3.7413650,-38.5753670
-3.7413370,-38.5752790
-3.7413100,-38.5752110
-3.7412820,-38.5751570
-3.7412600,-38.5751190
-3.7412520,-38.5750770
-3.7412470,-38.5750430
-3.7412570,-38.5750010
-3.7412770,-38.5749550
-3.7413070,-38.5748980
-3.7413320,-38.5748410
-3.7413520,-38.5747720
-3.7413370,-38.5747150
-3.7413020,-38.5746570
-3.7412410,-38.5746040
-3.7411600,-38.5745660
-3.7410840,-38.5745240
-3.7410100,-38.5744780
-3.7409420,-38.5744130
-3.7408750,-38.5743370
-3.7408140,-38.5742610
-3.7407490,-38.5741840
-3.7406870,-38.5741080
-3.7406300,-38.5740320
-3.7405770,-38.5739520
-3.7405200,-38.5738750
-3.7404660,-38.5737990
-3.7404210,-38.5737340
-3.7403820,-38.5736770
-3.7403470,-38.5736270
-3.7403050,-38.5735740
-3.7402660,-38.5735170
-3.7402240,-38.5734600
-3.7401770,-38.5733990
-3.7401290,-38.5733220
-3.7400720,-38.5732460
-3.7400150,-38.5731700
-3.7399550,-38.5730780
-3.7398940,-38.5729980
-3.7398350,-38.5729220
-3.7397790,-38.5728380
-3.7397220,-38.5727540
-3.7396640,-38.5726740
-3.7396070,-38.5725900
-3.7395560,-38.5725210
-3.7395150,-38.5724450
-3.7394890,-38.5723880
-3.7394760,-38.5723530
-3.7394670,-38.5723300
-3.7394550,-38.5723110
-3.7394420,-38.5722850
-3.7394270,-38.5722470
-3.7394080,-38.5721890
-3.7393870,-38.5721400
-3.7393620,-38.5720830
-3.7393300,-38.5720290
-3.7392890,-38.5719800
-3.7392520,-38.5719150
-3.7392140,-38.5718540
-3.7391730,-38.5717770
-3.7391350,-38.5717120
-3.7391070,-38.5716550
-3.7390740,-38.5716290
-3.7390350,-38.5716170
-3.7390000,-38.5716290
-3.7389640,-38.5716550
-3.7389320,-38.5716740
-3.7389090,-38.5716860
-3.7388740,-38.5717010
-3.7388290,-38.5717050
-3.7387770,-38.5716860
-3.7387190,-38.5716550
-3.7386590,-38.5716170
-3.7385970,-38.5715680
-3.7385330,-38.5715030
-3.7384730,-38.5714260
-3.7384250,-38.5713390
-3.7383870,-38.5712430
-3.7383620,-38.5711480
-3.7383480,-38.5710640
-3.7383440,-38.5710070
-3.7383420,-38.5709760
-3.7383440,-38.5709420
-3.7383420,-38.5709000
-3.7383370,-38.5708430
-3.7383350,-38.5707970
-3.7383370,-38.5707320
-3.7383220,-38.5706630
-3.7383040,-38.5705800
-3.7382870,-38.5704840
-3.7382970,-38.5703770
-3.7383120,-38.5702930
-3.7383420,-38.5702170
-3.7383840,-38.5701410
-3.7384220,-38.5700720
-3.7384590,-38.5700150
-3.7384800,-38.5699840
-3.7384900,-38.5699690
-3.7384940,-38.5699580
-3.7384940,-38.5699580
-3.7384940,-38.5699650
-3.7384920,-38.5699650
-3.7384900,-38.5699650
-3.7384900,-38.5699650
-3.7384900,-38.5699650
-3.7384920,-38.5699650
-3.7384920,-38.5699650
-3.7384920,-38.5699650
-3.7384920,-38.5699580
-3.7384920,-38.5699580
-3.7385010,-38.5699460
-3.7385120,-38.5699120
-3.7385260,-38.5698810
-3.7385320,-38.5698430
-3.7385440,-38.5698170
-3.7385590,-38.5697940
-3.7385850,-38.5697590
-3.7386050,-38.5697560
-3.7386370,-38.5697400
-3.7386850,-38.5697360
-3.7387390,-38.5697360
-3.7387970,-38.5697360
-3.7388480,-38.5697210
-3.7388970,-38.5697100
-3.7389340,-38.5696790
-3.7389570,-38.5696530
-3.7389730,-38.5696140
-3.7389760,-38.5695840
-3.7389790,-38.5695650
-3.7389800,-38.5695380
-3.7389790,-38.5695190
-3.7389760,-38.5694920
-3.7389790,-38.5694810
-3.7389790,-38.5694690
-3.7389790,-38.5694540
-3.7389800,-38.5694430
-3.7389890,-38.5694350
-3.7389890,-38.5694240
-3.7389890,-38.5694160
-3.7389840,-38.5694120
-3.7389820,-38.5694050
-3.7389800,-38.5693970
-3.7389730,-38.5693860
-3.7389720,-38.5693590
-3.7389720,-38.5693280
-3.7389690,-38.5692980
-3.7389720,-38.5692630
-3.7389710,-38.5692440
-3.7389710,-38.5692330
-3.7389720,-38.5692250
-3.7389710,-38.5692330
-3.7389690,-38.5692250
-3.7389660,-38.5692250
-3.7389640,-38.5692250
-3.7389620,-38.5692210
-3.7389620,-38.5692210
-3.7389600,-38.5692020
-3.7389600,-38.5691830
-3.7389640,-38.5691680
-3.7389730,-38.5691570
-3.7389920,-38.5691570
-3.7390140,-38.5691450
-3.7390420,-38.5691380
-3.7390820,-38.5691450
-3.7391390,-38.5691490
-3.7392120,-38.5691570
-3.7392870,-38.5691640
-3.7393690,-38.5691760
-3.7394550,-38.5691870
-3.7395440,-38.5692020
-3.7396300,-38.5692140
-3.7397110,-38.5692210
-3.7397840,-38.5692210
-3.7398470,-38.5692250
-3.7399130,-38.5692250
-3.7399800,-38.5692330
-3.7400370,-38.5692410
-3.7400820,-38.5692440
-3.7401290,-38.5692440
-3.7401870,-38.5692440
-3.7402590,-38.5692440
-3.7403400,-38.5692600
-3.7404270,-38.5692630
-3.7405220,-38.5692710
-3.7406220,-38.5692830
-3.7407270,-38.5692980
-3.7408310,-38.5693020
-3.7409240,-38.5693090
-3.7410140,-38.5693170
-3.7410910,-38.5693210
-3.7411420,-38.5693170
-3.7411740,-38.5693280
-3.7411900,-38.5693280
-3.7412050,-38.5693280
-3.7412160,-38.5693280
-3.7412300,-38.5693090
-3.7412440,-38.5692710
-3.7412490,-38.5692140
-3.7412540,-38.5691300
-3.7412470,-38.5690610
-3.7412380,-38.5689930
-3.7412270,-38.5689280
-3.7412120,-38.5688710
-3.7412040,-38.5687940
-3.7411950,-38.5687100
-3.7411800,-38.5686230
-3.7411620,-38.5685460
-3.7411420,-38.5684620
-3.7411220,-38.5683820
-3.7411050,-38.5682910
-3.7410870,-38.5681950
-3.7410720,-38.5680960
-3.7410550,-38.5679930
-3.7410400,-38.5679050
-3.7410310,-38.5678100
-3.7410200,-38.5677340
-3.7410070,-38.5676770
-3.7410090,-38.5676310
-3.7410200,-38.5675850
-3.7410450,-38.5675470
-3.7410870,-38.5675050
-3.7411440,-38.5674670
-3.7412090,-38.5674210
-3.7412820,-38.5673710
-3.7413540,-38.5673140
-3.7414180,-38.5672570
-3.7414720,-38.5672110
-3.7415120,-38.5671810
-3.7415410,-38.5671540
-3.7415600,-38.5671350
-3.7415740,-38.5671230
-3.7415800,-38.5671230
-3.7415850,-38.5671160
-3.7415820,-38.5671160
-3.7415820,-38.5671160
-3.7415820,-38.5671160
-3.7415820,-38.5671160
-3.7415800,-38.5671160
-3.7415800,-38.5671160
-3.7415800,-38.5671160
-3.7415800,-38.5671160
-3.7415800,-38.5671160
-3.7415800,-38.5671160
-3.7415800,-38.5671160
-3.7442990,-38.5645330
-3.7444140,-38.5644450
-3.7445250,-38.5643620
-3.7446320,-38.5642740
-3.7447370,-38.5641860
-3.7448440,-38.5640910
-3.7449470,-38.5640140
-3.7450490,-38.5639230
-3.7451510,-38.5638430
-3.7452510,-38.5637590
-3.7453470,-38.5636830
-3.7454400,-38.5636060
-3.7455230,-38.5635300
-3.7456070,-38.5634610
-3.7456800,-38.5634040
-3.7457390,-38.5633580
-3.7457810,-38.5633200
-3.7458120,-38.5632900
-3.7458300,-38.5632900
-3.7458320,-38.5632900
-3.7458300,-38.5632900
-3.7458300,-38.5632900
-3.7458320,-38.5632900
-3.7458340,-38.5632900
-3.7458370,-38.5632900
-3.7458390,-38.5632900
-3.7458420,-38.5632820
-3.7458450,-38.5632740
-3.7458450,-38.5632740
-3.7458470,-38.5632740
-3.7458590,-38.5632710
-3.7458750,-38.5632550
-3.7458950,-38.5632360
-3.7459190,-38.5632170
-3.7459550,-38.5631870
-3.7459910,-38.5631600
-3.7460350,-38.5631220
-3.7460850,-38.5630800
-3.7461370,-38.5630340
-3.7461970,-38.5629840
-3.7462590,-38.5629270
-3.7463220,-38.5628810
-3.7463870,-38.5628240
-3.7464520,-38.5627670
-3.7465240,-38.5627170
-3.7465940,-38.5626600
-3.7466650,-38.5625950
-3.7467420,-38.5625270
-3.7468200,-38.5624620
-3.7469040,-38.5623930
-3.7469800,-38.5623280
-3.7470590,-38.5622600
-3.7471360,-38.5621950
-3.7472110,-38.5621260
-3.7472890,-38.5620540
-3.7473720,-38.5619850
-3.7474560,-38.5619160
-3.7475340,-38.5618440
-3.7476140,-38.5617750
-3.7476920,-38.5617070
-3.7477690,-38.5616420
-3.7478450,-38.5615730
-3.7479210,-38.5615080
-3.7479930,-38.5614430
-3.7480670,-38.5613860
-3.7481420,-38.5613250
-3.7482150,-38.5612680
-3.7482860,-38.5612030
-3.7483550,-38.5611380
-3.7484200,-38.5610890
-3.7484790,-38.5610310
-3.7485370,-38.5609820
-3.7485920,-38.5609280
-3.7486470,-38.5608790
-3.7487070,-38.5608290
-3.7487670,-38.5607720
-3.7488300,-38.5607150
-3.7488990,-38.5606580
-3.7489670,-38.5605930
-3.7490300,-38.5605280
-3.7490990,-38.5604780
-3.7491710,-38.5604130
-3.7492440,-38.5603560
-3.7493170,-38.5602950
-3.7493920,-38.5602300
-3.7494710,-38.5601730
-3.7495470,-38.5601040
-3.7496290,-38.5600470
-3.7497100,-38.5599820
-3.7497920,-38.5599170
-3.7498760,-38.5598560
-3.7499620,-38.5597920
-3.7500560,-38.5597230
-3.7501500,-38.5596500
-3.7502450,-38.5595820
-3.7503390,-38.5595130
-3.7504320,-38.5594480
-3.7505220,-38.5593800
-3.7506250,-38.5593070
-3.7507190,-38.5592380
-3.7508140,-38.5591620
-3.7509060,-38.5590860
-3.7509940,-38.5590020
-3.7510800,-38.5589220
-3.7511690,-38.5588490
-3.7512500,-38.5587730
-3.7513290,-38.5587120
-3.7514090,-38.5586470
-3.7514890,-38.5585780
-3.7515720,-38.5585140
-3.7516600,-38.5584450
-3.7517390,-38.5583880
-3.7518210,-38.5583150
-3.7519070,-38.5582580
-3.7519850,-38.5581970
-3.7520570,-38.5581320
-3.7521350,-38.5580670
-3.7522010,-38.5580100
-3.7522700,-38.5579490
-3.7523370,-38.5578840
-3.7523970,-38.5578350
-3.7524540,-38.5577960
-3.7524850,-38.5577620
-3.7525070,-38.5577390
-3.7525300,-38.5577200
-3.7525600,-38.5576930
-3.7526020,-38.5576480
-3.7526520,-38.5576060
-3.7527080,-38.5575490
-3.7527800,-38.5574910
-3.7528520,-38.5574260
-3.7529250,-38.5573620
-3.7530070,-38.5573010
-3.7530930,-38.5572240
-3.7531800,-38.5571400
-3.7532710,-38.5570530
-3.7533620,-38.5569610
-3.7534540,-38.5568730
-3.7535450,-38.5567860
-3.7536370,-38.5566900
-3.7537290,-38.5565990
-3.7538190,-38.5565110
-3.7539100,-38.5564230
-3.7540000,-38.5563320
-3.7540900,-38.5562520
-3.7541820,-38.5561560
-3.7542620,-38.5560800
-3.7543330,-38.5559880
-3.7544210,-38.5559200
-3.7544940,-38.5558510
-3.7545520,-38.5557980
-3.7545970,-38.5557480
-3.7546330,-38.5557210
-3.7546580,-38.5557020
-3.7546700,-38.5556980
-3.7546770,-38.5556980
-3.7546820,-38.5557020
-3.7546890,-38.5557020
-3.7546920,-38.5557020
-3.7546950,-38.5557020
-3.7546970,-38.5557020
-3.7547000,-38.5557020
-3.7547020,-38.5557020
-3.7547040,-38.5557020
-3.7547050,-38.5557020
-3.7547090,-38.5557020
-3.7547250,-38.5556830
-3.7547520,-38.5556640
-3.7547770,-38.5556410
-3.7548060,-38.5556070
-3.7548330,-38.5555840
-3.7548670,-38.5555500
-3.7548970,-38.5555190
-3.7549510,-38.5555110
-3.7549670,-38.5554810
-3.7549890,-38.5554350
-3.7549920,-38.5553780
-3.7549690,-38.5553210
-3.7549290,-38.5552640
-3.7548790,-38.5552060
-3.7548290,-38.5551490
-3.7547750,-38.5550990
-3.7547220,-38.5550500
-3.7546620,-38.5549960
-3.7546120,-38.5549470
-3.7545550,-38.5548900
-3.7544950,-38.5548320
-3.7544340,-38.5547750
-3.7543690,-38.5547100
-3.7543020,-38.5546420
-3.7542270,-38.5545730
-3.7541470,-38.5544970
-3.7540660,-38.5544200
-3.7539810,-38.5543370
-3.7538940,-38.5542490
-3.7538010,-38.5541650
-3.7537140,-38.5540700
-3.7536230,-38.5539820
-3.7535220,-38.5538900
-3.7534250,-38.5537950
-3.7533300,-38.5536990
-3.7532360,-38.5536040
-3.7531390,-38.5535090
-3.7530370,-38.5534100
-3.7529370,-38.5533140
-3.7528400,-38.5532190
-3.7527420,-38.5531230
-3.7526450,-38.5530280
-3.7525440,-38.5529440
-3.7524500,-38.5528560
-3.7523620,-38.5527730
-3.7522800,-38.5526890
-3.7522030,-38.5526080
-3.7521300,-38.5525320
-3.7520690,-38.5524600
-3.7520150,-38.5524100
-3.7519700,-38.5523610
-3.7519420,-38.5523260
-3.7519320,-38.5523070
-3.7519320,-38.5523030
-3.7519320,-38.5522960
-3.7519370,-38.5522880
-3.7519420,-38.5522880
-3.7519430,-38.5522880
-3.7519430,-38.5522880
-3.7519430,-38.5522880
-3.7519430,-38.5522880
-3.7519430,-38.5522880
-3.7519430,-38.5522880
-3.7519430,-38.5522840
-3.7519420,-38.5522840
-3.7519420,-38.5522840
-3.7519430,-38.5522840
-3.7519430,-38.5522840
-3.7519430,-38.5522840
-3.7519430,-38.5522840
-3.7519430,-38.5522840
-3.7519420,-38.5522840
-3.7519290,-38.5522690
-3.7519040,-38.5522460
-3.7518720,-38.5522190
-3.7518350,-38.5521810
-3.7517850,-38.5521350
-3.7517360,-38.5520860
-3.7516810,-38.5520360
-3.7516210,-38.5519790
-3.7515550,-38.5519070
-3.7514840,-38.5518380
-3.7514100,-38.5517620
-3.7513350,-38.5516930
-3.7512540,-38.5516170
-3.7511760,-38.5515400
-3.7510930,-38.5514680
-3.7510150,-38.5513880
-3.7509420,-38.5513150
-3.7508620,-38.5512390
-3.7507820,-38.5511700
-3.7507040,-38.5510940
-3.7506240,-38.5510100
-3.7505390,-38.5509220
-3.7504570,-38.5508380
-3.7503720,-38.5507580
-3.7502880,-38.5506630
-3.7502070,-38.5505710
-3.7501200,-38.5504950
-3.7500440,-38.5504150
-3.7499670,-38.5503390
-3.7498900,-38.5502550
-3.7498170,-38.5501860
-3.7497500,-38.5501140
-3.7496870,-38.5500530
-3.7496250,-38.5499880
-3.7495670,-38.5499310
-3.7495070,-38.5498660
-3.7494520,-38.5498050
-3.7493940,-38.5497510
-3.7493430,-38.5497020
-3.7492990,-38.5496520
-3.7492650,-38.5496140
-3.7492320,-38.5495800
-3.7491940,-38.5495410
-3.7491590,-38.5495110
-3.7491340,-38.5494800
-3.7491130,-38.5494610
-3.7491020,-38.5494420
-3.7491000,-38.5494420
-3.7491070,-38.5494420
-3.7491090,-38.5494420
-3.7491020,-38.5494420
-3.7491020,-38.5494420
-3.7491020,-38.5494420
-3.7491020,-38.5494420
-3.7491020,-38.5494420
-3.7491020,-38.5494420
-3.7491020,-38.5494420
-3.7491020,-38.5494420
-3.7491020,-38.5494420
-3.7491020,-38.5494420
-3.7491020,-38.5494420
-3.7491020,-38.5494420
-3.7491020,-38.5494420
-3.7491000,-38.5494420
-3.7490990,-38.5494420
-3.7490780,-38.5494160
-3.7490490,-38.5493850
-3.7490120,-38.5493390
-3.7489640,-38.5493010
-3.7489090,-38.5492550
-3.7488570,-38.5492060
-3.7488040,-38.5491490
-3.7487420,-38.5490840
-3.7486750,-38.5490150
-3.7486020,-38.5489460
-3.7485270,-38.5488700
-3.7484520,-38.5487980
-3.7483840,-38.5487290
-3.7483130,-38.5486600
-3.7482500,-38.5485880
-3.7481850,-38.5485270
-3.7481220,-38.5484700
-3.7480570,-38.5484050
-3.7479870,-38.5483360
-3.7479210,-38.5482640
-3.7478540,-38.5481950
-3.7477850,-38.5481260
-3.7477140,-38.5480540
-3.7476490,-38.5479930
-3.7475850,-38.5479280
-3.7475220,-38.5478630
-3.7474520,-38.5477940
-3.7473870,-38.5477260
-3.7473170,-38.5476530
-3.7472420,-38.5475770
-3.7471650,-38.5475080
-3.7470900,-38.5474320
-3.7470150,-38.5473560
-3.7469420,-38.5472870
-3.7468690,-38.5472030
-3.7467940,-38.5471380
-3.7467240,-38.5470580
-3.7466570,-38.5469930
-3.7465890,-38.5469250
-3.7465250,-38.5468600
-3.7464600,-38.5467910
-3.7463950,-38.5467260
-3.7463240,-38.5466610
-3.7462520,-38.5465930
-3.7461850,-38.5465280
-3.7461150,-38.5464590
-3.7460500,-38.5463830
-3.7459770,-38.5463070
-3.7458970,-38.5462300
-3.7458120,-38.5461460
-3.7457270,-38.5460590
-3.7456340,-38.5459710
-3.7455430,-38.5458760
-3.7454490,-38.5457840
-3.7453560,-38.5456890
-3.7452650,-38.5456010
-3.7451790,-38.5455130
-3.7450900,-38.5454180
-3.7450050,-38.5453220
-3.7449200,-38.5452380
-3.7448320,-38.5451510
-3.7447450,-38.5450590
-3.7446580,-38.5449640
-3.7445680,-38.5448760
-3.7444770,-38.5447810
-3.7443870,-38.5446930
-3.7442940,-38.5446010
-3.7442000,-38.5445140
-3.7441090,-38.5444370
-3.7440190,-38.5443530
-3.7439300,-38.5442850
-3.7438570,-38.5442200
-3.7438020,-38.5441510
-3.7437730,-38.5440860
-3.7437730,-38.5440060
-3.7438010,-38.5439490
-3.7438490,-38.5438960
-3.7439100,-38.5438730
-3.7439920,-38.5438770
-3.7440820,-38.5438920
-3.7441820,-38.5439110
-3.7442700,-38.5439300
-3.7443410,-38.5439410
-3.7443970,-38.5439490
-3.7444550,-38.5439610
-3.7445200,-38.5439610
-3.7445940,-38.5439610
-3.7446700,-38.5439490
-3.7447480,-38.5439410
-3.7448240,-38.5439300
-3.7448930,-38.5439150
-3.7449550,-38.5439030
-3.7450120,-38.5438960
-3.7450690,-38.5438840
-3.7451270,-38.5438730
-3.7451930,-38.5438460
-3.7452600,-38.5438270
-3.7453300,-38.5437970
-3.7454040,-38.5437620
-3.7454700,-38.5437240
-3.7455340,-38.5436820
-3.7455940,-38.5436360
-3.7456490,-38.5435910
-3.7457040,-38.5435520
-3.7457520,-38.5435100
-3.7457990,-38.5434720
-3.7458430,-38.5434190
-3.7458870,-38.5433770
-3.7459300,-38.5433310
-3.7459770,-38.5432740
-3.7460250,-38.5432240
-3.7460730,-38.5431670
-3.7461200,-38.5431140
-3.7461670,-38.5430640
-3.7462100,-38.5430150
-3.7462530,-38.5429690
-3.7462990,-38.5429190
-3.7463470,-38.5428660
-3.7463980,-38.5428090
-3.7464500,-38.5427510
-3.7465000,-38.5427090
-3.7465590,-38.5426450
-3.7466200,-38.5425800
-3.7466890,-38.5425110
-3.7467600,-38.5424350
-3.7468320,-38.5423510
-3.7469040,-38.5422740
-3.7469740,-38.5421980
-3.7470400,-38.5421180
-3.7471110,-38.5420420
-3.7471770,-38.5419690
-3.7472400,-38.5418930
-3.7473000,-38.5418240
-3.7473540,-38.5417670
-3.7473970,-38.5417210
-3.7474310,-38.5416830
-3.7474600,-38.5416450
-3.7474850,-38.5416070
-3.7475140,-38.5415570
-3.7475400,-38.5414920
-3.7475570,-38.5414160
-3.7475690,-38.5413400
-3.7475710,-38.5412640
-3.7475640,-38.5411870
-3.7475490,-38.5411110
-3.7475340,-38.5410350
-3.7475270,-38.5409580
-3.7475320,-38.5408900
-3.7475500,-38.5408210
-3.7475780,-38.5407560
-3.7476170,-38.5406880
-3.7476710,-38.5406150
-3.7477170,-38.5405730
-3.7477690,-38.5405160
-3.7478220,-38.5404620
-3.7478770,-38.5404130
-3.7479310,-38.5403630
-3.7479870,-38.5403060
-3.7480500,-38.5402490
-3.7481120,-38.5401950
-3.7481720,-38.5401540
-3.7482300,-38.5400960
-3.7482880,-38.5400510
-3.7483520,-38.5400050
-3.7484140,-38.5399480
-3.7484720,-38.5398900
-3.7485390,-38.5398330
-3.7486070,-38.5397830
-3.7486730,-38.5397260
-3.7487440,-38.5396690
-3.7488020,-38.5396120
-3.7488600,-38.5395620
-3.7489190,-38.5395160
-3.7489800,-38.5394670
-3.7490370,-38.5394210
-3.7490950,-38.5393640
-3.7491570,-38.5393140
-3.7492250,-38.5392610
-3.7492920,-38.5391920
-3.7493570,-38.5391240
-3.7494250,-38.5390470
-3.7494840,-38.5389630
-3.7495420,-38.5388680
-3.7496000,-38.5387800
-3.7496550,-38.5386850
-3.7497070,-38.5385930
-3.7497540,-38.5385060
-3.7498020,-38.5384220
-3.7498450,-38.5383450
-3.7498830,-38.5382690
-3.7499200,-38.5382080
-3.7499550,-38.5381360
-3.7499920,-38.5380740
-3.7500270,-38.5380170
-3.7500560,-38.5379600
-3.7500820,-38.5379070
-3.7501050,-38.5378570
-3.7501300,-38.5378190
-3.7501500,-38.5377880
-3.7501650,-38.5377540
-3.7501770,-38.5377430
-3.7501840,-38.5377350
-3.7501850,-38.5377350
-3.7501850,-38.5377350
-3.7501840,-38.5377350
-3.7501820,-38.5377350
-3.7501820,-38.5377310
-3.7501820,-38.5377310
-3.7501820,-38.5377310
-3.7501890,-38.5377240
-3.7502020,-38.5376970
-3.7502270,-38.5376780
-3.7502490,-38.5376400
-3.7502770,-38.5375980
-3.7503020,-38.5375440
-3.7503300,-38.5374870
-3.7503600,-38.5374300
-3.7503940,-38.5373690
-3.7504270,-38.5373040
-3.7504640,-38.5372390
-3.7505040,-38.5371780
-3.7505420,-38.5371060
-3.7505790,-38.5370450
-3.7506150,-38.5369990
-3.7506480,-38.5369420
-3.7506800,-38.5368840
-3.7507120,-38.5368270
-3.7507540,-38.5367620
-3.7508000,-38.5366940
-3.7508540,-38.5366170
-3.7509070,-38.5365220
-3.7509590,-38.5364270
-3.7510090,-38.5363310
-3.7510590,-38.5362430
-3.7511050,-38.5361520
-3.7511490,-38.5360640
-3.7511920,-38.5359690
-3.7512290,-38.5358660
-3.7512560,-38.5357670
-3.7512770,-38.5356710
-3.7512940,-38.5355760
-3.7513140,-38.5354730
-3.7513300,-38.5353780
-3.7513480,-38.5352710
-3.7513740,-38.5351560
-3.7514290,-38.5348170
-3.7514420,-38.5347100
-3.7514570,-38.5345880
-3.7514690,-38.5344700
-3.7514850,-38.5343400
-3.7514980,-38.5342330
-3.7515120,-38.5341190
-3.7515240,-38.5340040
-3.7515350,-38.5339010
-3.7515500,-38.5338020
-3.7515750,-38.5337070
-3.7516070,-38.5336110
-3.7516510,-38.5335200
-3.7517030,-38.5334320
-3.7517550,-38.5333440
-3.7518190,-38.5332680
-3.7518790,-38.5332030
-3.7519320,-38.5331570
-3.7519700,-38.5331190
-3.7520010,-38.5330890
-3.7520190,-38.5330700
-3.7520280,-38.5330620
-3.7520340,-38.5330700
-3.7520340,-38.5330700
-3.7520360,-38.5330700
-3.7520340,-38.5330700
-3.7520340,-38.5330700
-3.7520340,-38.5330700
-3.7520340,-38.5330700
-3.7520340,-38.5330700
-3.7520320,-38.5330700
-3.7520320,-38.5330700
-3.7520320,-38.5330700
-3.7520320,-38.5330770
-3.7520320,-38.5330770
-3.7520320,-38.5330770
-3.7520320,-38.5330770
-3.7520320,-38.5330770
-3.7520320,-38.5330770
-3.7520320,-38.5330770
-3.7520320,-38.5330770
-3.7520320,-38.5330770
-3.7520320,-38.5330770
-3.7520320,-38.5330770
-3.7520320,-38.5330770
-3.7520320,-38.5330770
-3.7520320,-38.5330770
-3.7520320,-38.5330770
-3.7520320,-38.5330770
-3.7520320,-38.5330770
-3.7520320,-38.5330770
-3.7520320,-38.5330770
-3.7520320,-38.5330770
-3.7520320,-38.5330770
-3.7520320,-38.5330770
-3.7520340,-38.5330700
-3.7520340,-38.5330700
-3.7520340,-38.5330620
-3.7520340,-38.5330620
-3.7520340,-38.5330620
-3.7520360,-38.5330620
-3.7520360,-38.5330620
-3.7520360,-38.5330700
-3.7520370,-38.5330620
-3.7520400,-38.5330620
-3.7520420,-38.5330620
-3.7520420,-38.5330580
-3.7520420,-38.5330580
-3.7520440,-38.5330580
-3.7520450,-38.5330580
-3.7520450,-38.5330580
-3.7520440,-38.5330580
-3.7520440,-38.5330580
-3.7520440,-38.5330580
-3.7520440,-38.5330580
-3.7520440,-38.5330580
-3.7520450,-38.5330580
-3.7520450,-38.5330580
-3.7520450,-38.5330580
-3.7520470,-38.5330580
-3.7520470,-38.5330580
-3.7520470,-38.5330580
-3.7520470,-38.5330580
-3.7520470,-38.5330580
-3.7520470,-38.5330580
-3.7520470,-38.5330580
-3.7520470,-38.5330580
-3.7520470,-38.5330580
-3.7520470,-38.5330580
-3.7520470,-38.5330580
-3.7520470,-38.5330580
-3.7520470,-38.5330580
-3.7520470,-38.5330580
-3.7520470,-38.5330580
-3.7520470,-38.5330580
-3.7520470,-38.5330580
-3.7520470,-38.5330580
-3.7520490,-38.5330580
-3.7520610,-38.5330430
-3.7520840,-38.5330240
-3.7521120,-38.5330120
-3.7521370,-38.5329820
-3.7521640,-38.5329480
-3.7521920,-38.5329170
-3.7522240,-38.5328980
-3.7522620,-38.5328790
-3.7523040,-38.5328710
-3.7523520,-38.5328870
-3.7524020,-38.5328870
-3.7524590,-38.5329090
-3.7525190,-38.5329250
-3.7525910,-38.5329440
-3.7526650,-38.5329630
-3.7527450,-38.5329860
-3.7528290,-38.5330120
-3.7529130,-38.5330390
-3.7529950,-38.5330580
-3.7530700,-38.5330810
-3.7531530,-38.5331000
-3.7532300,-38.5331190
-3.7533090,-38.5331340
-3.7533770,-38.5331570
-3.7534430,-38.5331760
-3.7534990,-38.5331920
-3.7535600,-38.5332110
-3.7536170,-38.5332300
-3.7536740,-38.5332490
-3.7537240,-38.5332680
-3.7537720,-38.5332910
-3.7538200,-38.5333180
-3.7538620,-38.5333370
-3.7538880,-38.5333480
-3.7539090,-38.5333560
-3.7539250,-38.5333630
-3.7539410,-38.5333630
-3.7539500,-38.5333630
-3.7539600,-38.5333630
-3.7539690,-38.5333560
-3.7539830,-38.5333560
-3.7540140,-38.5333480
-3.7540490,-38.5333480
-3.7540800,-38.5333630
-3.7541000,-38.5333670
-3.7541090,-38.5333670
-3.7541090,-38.5333630
-3.7541050,-38.5333630
-3.7541050,-38.5333670
-3.7541050,-38.5333670
-3.7541050,-38.5333670
-3.7541050,-38.5333670
-3.7541050,-38.5333670
-3.7541050,-38.5333670
-3.7541050,-38.5333670
-3.7541050,-38.5333670
-3.7541050,-38.5333670
-3.7541050,-38.5333670
-3.7541050,-38.5333670
-3.7541050,-38.5333670
-3.7541050,-38.5333670
-3.7541050,-38.5333670
-3.7541090,-38.5333670
-3.7541370,-38.5333820
-3.7541720,-38.5333940
-3.7542100,-38.5334050
-3.7542550,-38.5334210
-3.7543010,-38.5334240
-3.7543470,-38.5334400
-3.7543970,-38.5334630
-3.7544470,-38.5334780
-3.7544970,-38.5334970
-3.7545500,-38.5335080
-3.7545950,-38.5335160
-3.7546450,-38.5335200
-3.7546920,-38.5335080
-3.7547380,-38.5334970
-3.7547820,-38.5334630
-3.7548290,-38.5334240
-3.7548740,-38.5333820
-3.7549090,-38.5333370
-3.7549520,-38.5332790
-3.7550040,-38.5332220
-3.7550590,-38.5331570
-3.7551200,-38.5330890
-3.7551830,-38.5330120
-3.7552490,-38.5329360
-3.7553170,-38.5328600
-3.7553840,-38.5327760
-3.7554450,-38.5327000
-3.7554990,-38.5326310
-3.7555490,-38.5325660
-3.7555870,-38.5325090
-3.7556230,-38.5324710
-3.7556490,-38.5324330
-3.7556720,-38.5324100
-3.7556910,-38.5324020
-3.7557020,-38.5323830
-3.7557290,-38.5323640
-3.7557840,-38.5323450
-3.7558190,-38.5323070
-3.7558570,-38.5322610
-3.7559100,-38.5322190
-3.7559720,-38.5321620
-3.7560270,-38.5320970
-3.7560870,-38.5320280
-3.7561490,-38.5319630
-3.7562040,-38.5318980
-3.7562590,-38.5318370
-3.7563070,-38.5317840
-3.7563490,-38.5317340
-3.7563800,-38.5316890
-3.7563900,-38.5316510
-3.7563970,-38.5315930
-3.7563720,-38.5315510
-3.7563290,-38.5315060
-3.7562810,-38.5314750
-3.7562210,-38.5314290
-3.7561570,-38.5313840
-3.7560900,-38.5313260
-3.7560220,-38.5312690
-3.7559590,-38.5312310
-3.7558880,-38.5311740
-3.7558140,-38.5311130
-3.7557300,-38.5310480
-3.7556570,-38.5309830
-3.7555800,-38.5309410
-3.7548740,-38.5333820
-3.7549090,-38.5333370
-3.7549520,-38.5332790
-3.7550040,-38.5332220
-3.7550590,-38.5331570
-3.7551200,-38.5330890
-3.7551830,-38.5330120
-3.7552490,-38.5329360
-3.7553170,-38.5328600
-3.7553840,-38.5327760
-3.7554450,-38.5327000
-3.7554990,-38.5326310
-3.7555490,-38.5325660
-3.7555870,-38.5325090
-3.7556230,-38.5324710
-3.7556490,-38.5324330
-3.7556720,-38.5324100
-3.7556910,-38.5324020
-3.7557020,-38.5323830
-3.7557290,-38.5323640
-3.7557840,-38.5323450
-3.7558190,-38.5323070
-3.7558570,-38.5322610
-3.7559100,-38.5322190
-3.7559720,-38.5321620
-3.7560270,-38.5320970
-3.7560870,-38.5320280
-3.7561490,-38.5319630
-3.7562040,-38.5318980
-3.7562590,-38.5318370
-3.7563070,-38.5317840
-3.7563490,-38.5317340
-3.7563800,-38.5316890
-3.7563900,-38.5316510
-3.7563970,-38.5315930
-3.7563720,-38.5315510
-3.7563290,-38.5315060
-3.7562810,-38.5314750
-3.7562210,-38.5314290
-3.7561570,-38.5313840
-3.7560900,-38.5313260
-3.7560220,-38.5312690
-3.7559590,-38.5312310
-3.7558880,-38.5311740
-3.7558140,-38.5311130
-3.7557300,-38.5310480
-3.7556570,-38.5309830
-3.7555800,-38.5309410
-3.7555110,-38.5308880
-3.7554440,-38.5308300
-3.7553820,-38.5307810
-3.7553240,-38.5307310
-3.7552650,-38.5306930
-3.7552250,-38.5306210
-3.7551700,-38.5305790
-3.7551200,-38.5305440
-3.7550770,-38.5305140
-3.7550330,-38.5304760
-3.7549940,-38.5304450
-3.7549690,-38.5304180
-3.7549550,-38.5304110
-3.7549510,-38.5303990
-3.7549530,-38.5303990
-3.7549550,-38.5303990
-3.7549590,-38.5303920
-3.7549550,-38.5303880
-3.7549550,-38.5303880
-3.7549530,-38.5303880
-3.7549530,-38.5303880
-3.7549530,-38.5303880
-3.7549530,-38.5303880
-3.7549520,-38.5303880
-3.7549490,-38.5303880
-3.7549350,-38.5303730
-3.7549170,-38.5303540
-3.7549040,-38.5303340
-3.7548930,-38.5303150
-3.7548950,-38.5303120
-3.7548990,-38.5303120
-3.7548990,-38.5302960
-3.7548970,-38.5302850
-3.7548930,-38.5302540
-3.7549150,-38.5302280
-3.7549400,-38.5301970
-3.7549620,-38.5301630
-3.7549820,-38.5301400
-3.7549940,-38.5301250
-3.7549970,-38.5301130
-3.7549970,-38.5301060
-3.7550020,-38.5301130
-3.7550020,-38.5301130
-3.7550020,-38.5301130
-3.7550020,-38.5301130
-3.7550020,-38.5301130
-3.7550120,-38.5301060
-3.7550330,-38.5300940
-3.7550640,-38.5300670
-3.7550970,-38.5300290
-3.7551390,-38.5299800
-3.7551920,-38.5299220
-3.7552400,-38.5298650
-3.7552940,-38.5297970
-3.7553630,-38.5297320
-3.7554370,-38.5296550
-3.7555140,-38.5295720
-3.7555940,-38.5294840
-3.7556810,-38.5293960
-3.7557690,-38.5293010
-3.7558620,-38.5292090
-3.7559500,-38.5291210
-3.7560460,-38.5290260
-3.7561370,-38.5289420
-3.7562240,-38.5288620
-3.7563070,-38.5287780
-3.7563860,-38.5286900
-3.7564520,-38.5285950
-3.7565080,-38.5284840
-3.7565480,-38.5283780
-3.7565770,-38.5282710
-3.7565970,-38.5281490
-3.7566070,-38.5280270
-3.7566040,-38.5279200
-3.7565900,-38.5278130
-3.7565660,-38.5277020
-3.7565320,-38.5275960
-3.7564870,-38.5275000
-3.7564370,-38.5274050
-3.7563820,-38.5273020
-3.7563270,-38.5271870
-3.7562750,-38.5270880
-3.7562220,-38.5269780
-3.7561720,-38.5268820
-3.7561220,-38.5267750
-3.7560650,-38.5266690
-3.7560140,-38.5265660
-3.7559600,-38.5264700
-3.7559140,-38.5263630
-3.7558700,-38.5262600
-3.7558250,-38.5261650
-3.7557790,-38.5260700
-3.7557370,-38.5259740
-3.7556880,-38.5258870
-3.7556390,-38.5257950
-3.7555970,-38.5257000
-3.7555620,-38.5256040
-3.7555300,-38.5255090
-3.7555120,-38.5254140
-3.7555250,-38.5253140
-3.7555490,-38.5252190
-3.7555820,-38.5251270
-3.7556230,-38.5250400
-3.7556670,-38.5249520
-3.7557040,-38.5248760
-3.7557340,-38.5247840
-3.7557600,-38.5247230
-3.7558020,-38.5246700
-3.7558320,-38.5246320
-3.7558430,-38.5246120
-3.7558500,-38.5245930
-3.7558630,-38.5245740
-3.7558790,-38.5245550
-3.7559050,-38.5245320
-3.7559340,-38.5245130
-3.7559720,-38.5244750
-3.7560240,-38.5244410
-3.7560840,-38.5243990
-3.7561470,-38.5243530
-3.7562100,-38.5243070
-3.7562670,-38.5242580
-3.7563190,-38.5242080
-3.7563570,-38.5241510
-3.7563840,-38.5240860
-3.7564140,-38.5240100
-3.7564420,-38.5239220
-3.7564640,-38.5238270
-3.7564700,-38.5237350
-3.7564690,-38.5236280
-3.7564570,-38.5235250
-3.7564350,-38.5234260
-3.7564050,-38.5233120
-3.7563620,-38.5232010
-3.7563170,-38.5230940
-3.7562720,-38.5229870
-3.7562250,-38.5228840
-3.7561900,-38.5227780
-3.7561770,-38.5226670
-3.7561900,-38.5225680
-3.7562300,-38.5224650
-3.7562990,-38.5223770
-3.7563740,-38.5222740
-3.7564550,-38.5221710
-3.7565410,-38.5220720
-3.7566280,-38.5219690
-3.7567180,-38.5218620
-3.7568110,-38.5217510
-3.7568980,-38.5216450
-3.7569790,-38.5215420
-3.7570550,-38.5214350
-3.7571330,-38.5213390
-3.7572100,-38.5212440
-3.7572850,-38.5211410
-3.7573570,-38.5210460
-3.7574270,-38.5209470
-3.7575020,-38.5208440
-3.7575760,-38.5207410
-3.7576520,-38.5206340
-3.7577320,-38.5205310
-3.7578120,-38.5204320
-3.7578900,-38.5203210
-3.7579720,-38.5202220
-3.7580550,-38.5201110
-3.7581420,-38.5200160
-3.7582340,-38.5199200
-3.7583300,-38.5198330
-3.7584300,-38.5197490
-3.7585320,-38.5196800
-3.7586400,-38.5196110
-3.7587470,-38.5195470
-3.7588590,-38.5194970
-3.7589740,-38.5194510
-3.7590940,-38.5194210
-3.7592120,-38.5193860
-3.7593360,-38.5193670
-3.7594580,-38.5193480
-3.7595780,-38.5193290
-3.7596920,-38.5193100
-3.7597820,-38.5192990
-3.7598430,-38.5192870
-3.7598890,-38.5192790
-3.7599270,-38.5192720
-3.7599660,-38.5192680
-3.7600090,-38.5192600
-3.7600600,-38.5192530
-3.7601220,-38.5192410
-3.7601900,-38.5192340
-3.7602700,-38.5192220
-3.7603550,-38.5192110
-3.7604500,-38.5191920
-3.7605480,-38.5191760
-3.7606500,-38.5191650
-3.7607580,-38.5191540
-3.7608720,-38.5191350
-3.7609870,-38.5191190
-3.7611000,-38.5191000
-3.7612100,-38.5190890
-3.7613180,-38.5190700
-3.7614320,-38.5190580
-3.7615450,-38.5190390
-3.7616600,-38.5190200
-3.7617770,-38.5189930
-3.7618990,-38.5189820
-3.7620210,-38.5189630
-3.7621410,-38.5189440
-3.7622660,-38.5189250
-3.7623880,-38.5189060
-3.7625100,-38.5188870
-3.7626340,-38.5188670
-3.7627520,-38.5188480
-3.7628720,-38.5188290
-3.7629920,-38.5188140
-3.7631120,-38.5187910
-3.7632290,-38.5187760
-3.7633440,-38.5187570
-3.7634620,-38.5187380
-3.7635820,-38.5187190
-3.7637030,-38.5186880
-3.7638210,-38.5186690
-3.7639370,-38.5186420
-3.7640500,-38.5186230
-3.7641690,-38.5186120
-3.7642920,-38.5185850
-3.7644190,-38.5185660
-3.7645460,-38.5185430
-3.7646770,-38.5185280
-3.7648070,-38.5185090
-3.7649320,-38.5184900
-3.7650540,-38.5184710
-3.7651650,-38.5184520
-3.7652630,-38.5184400
-3.7653490,-38.5184290
-3.7654350,-38.5184100
-3.7655270,-38.5183940
-3.7656250,-38.5183720
-3.7657290,-38.5183530
-3.7658400,-38.5183260
-3.7659540,-38.5182950
-3.7660750,-38.5182610
-3.7662020,-38.5182230
-3.7663320,-38.5181920
-3.7664650,-38.5181470
-3.7665980,-38.5181080
-3.7667320,-38.5180780
-3.7668670,-38.5180470
-3.7669990,-38.5180090
-3.7671340,-38.5179750
-3.7672720,-38.5179370
-3.7674160,-38.5179060
-3.7675590,-38.5178600
-3.7677120,-38.5178220
-3.7678650,-38.5177840
-3.7680240,-38.5177540
-3.7681900,-38.5177080
-3.7683520,-38.5176700
-3.7685120,-38.5176280
-3.7686700,-38.5175900
-3.7688270,-38.5175510
-3.7689770,-38.5175060
-3.7691370,-38.5174670
-3.7692950,-38.5174220
-3.7694550,-38.5173800
-3.7696140,-38.5173340
-3.7697700,-38.5172880
-3.7699250,-38.5172460
-3.7700790,-38.5171930
-3.7702280,-38.5171510
-3.7703770,-38.5171130
-3.7705200,-38.5170670
-3.7706630,-38.5170210
-3.7708070,-38.5169720
-3.7709570,-38.5169260
-3.7711070,-38.5168880
-3.7712640,-38.5168460
-3.7714190,-38.5168000
-3.7715720,-38.5167690
-3.7717270,-38.5167240
-3.7718850,-38.5166780
-3.7720470,-38.5166280
-3.7722070,-38.5165820
-3.7723670,-38.5165410
-3.7725290,-38.5164950
-3.7726870,-38.5164490
-3.7728420,-38.5163990
-3.7730040,-38.5163540
-3.7731600,-38.5163150
-3.7733150,-38.5162730
-3.7734630,-38.5162280
-3.7736190,-38.5161820
-3.7737670,-38.5161440
-3.7739190,-38.5161060
-3.7740650,-38.5160680
-3.7742080,-38.5160260
-3.7743570,-38.5159800
-3.7745100,-38.5159420
-3.7746680,-38.5159030
-3.7748270,-38.5158650
-3.7749840,-38.5158160
-3.7751400,-38.5157700
-3.7752980,-38.5157240
-3.7754470,-38.5156820
-3.7755940,-38.5156360
-3.7757420,-38.5155910
-3.7758900,-38.5155490
-3.7760370,-38.5155110
-3.7761900,-38.5154650
-3.7763390,-38.5154190
-3.7764860,-38.5153880
-3.7766350,-38.5153430
-3.7767840,-38.5153120
-3.7769340,-38.5152660
-3.7770850,-38.5152280
-3.7772340,-38.5151860
-3.7773820,-38.5151520
-3.7775340,-38.5151100
-3.7776830,-38.5150720
-3.7778320,-38.5150340
-3.7779850,-38.5149960
-3.7781320,-38.5149570
-3.7782840,-38.5149230
-3.7784300,-38.5148850
-3.7785750,-38.5148470
-3.7787180,-38.5148090
-3.7788600,-38.5147780
-3.7790020,-38.5147400
-3.7791440,-38.5147020
-3.7792780,-38.5146710
-3.7794150,-38.5146370
-3.7795570,-38.5145990
-3.7796990,-38.5145570
-3.7798420,-38.5145190
-3.7799850,-38.5144810
-3.7801270,-38.5144350
-3.7802640,-38.5143890
-3.7804000,-38.5143470
-3.7805290,-38.5142940
-3.7806580,-38.5142360
-3.7807850,-38.5141870
-3.7809110,-38.5141300
-3.7810350,-38.5140720
-3.7811570,-38.5140080
-3.7812760,-38.5139500
-3.7813970,-38.5138930
-3.7815130,-38.5138440
-3.7816300,-38.5137860
-3.7817470,-38.5137290
-3.7818650,-38.5136720
-3.7819870,-38.5136150
-3.7821080,-38.5135570
-3.7822320,-38.5135000
-3.7823530,-38.5134430
-3.7824790,-38.5133860
-3.7826040,-38.5133290
-3.7827300,-38.5132640
-3.7828600,-38.5132060
-3.7829900,-38.5131450
-3.7831180,-38.5130810
-3.7832420,-38.5130230
-3.7833590,-38.5129740
-3.7834700,-38.5129170
-3.7835830,-38.5128630
-3.7837000,-38.5128140
-3.7838220,-38.5127560
-3.7839480,-38.5127110
-3.7840840,-38.5126530
-3.7842190,-38.5125960
-3.7843520,-38.5125390
-3.7844850,-38.5124820
-3.7846130,-38.5124240
-3.7847370,-38.5123670
-3.7848570,-38.5123100
-3.7849750,-38.5122600
-3.7850900,-38.5122030
-3.7852050,-38.5121460
-3.7853180,-38.5120960
-3.7796990,-38.5145570
-3.7798420,-38.5145190
-3.7799850,-38.5144810
-3.7801270,-38.5144350
-3.7802640,-38.5143890
-3.7804000,-38.5143470
-3.7805290,-38.5142940
-3.7806580,-38.5142360
-3.7807850,-38.5141870
-3.7809110,-38.5141300
-3.7810350,-38.5140720
-3.7865870,-38.5114970
-3.7866950,-38.5114480
-3.7868090,-38.5113950
-3.7869290,-38.5113450
-3.7870530,-38.5112880
-3.7871770,-38.5112300
-3.7873020,-38.5111730
-3.7874250,-38.5111160
-3.7875470,-38.5110590
-3.7876630,-38.5110020
-3.7877810,-38.5109440
-3.7879020,-38.5108950
-3.7880190,-38.5108410
-3.7881280,-38.5107920
-3.7882350,-38.5107420
-3.7883420,-38.5106890
-3.7884490,-38.5106390
-3.7885580,-38.5105900
-3.7886710,-38.5105360
-3.7887800,-38.5104790
-3.7888920,-38.5104410
-3.7890020,-38.5103910
-3.7891090,-38.5103420
-3.7892180,-38.5102840
-3.7893270,-38.5102310
-3.7894420,-38.5101810
-3.7895610,-38.5101320
-3.7896790,-38.5100750
-3.7897950,-38.5100100
-3.7899130,-38.5099530
-3.7900350,-38.5098840
-3.7901650,-38.5098190
-3.7903020,-38.5097430
-3.7904430,-38.5096740
-3.7905920,-38.5096020
-3.7907400,-38.5095330
-3.7908890,-38.5094640
-3.7910400,-38.5093990
-3.7911950,-38.5093230
-3.7913520,-38.5092540
-3.7915120,-38.5091710
-3.7916720,-38.5090940
-3.7918300,-38.5090100
-3.7919870,-38.5089420
-3.7921450,-38.5088650
-3.7922980,-38.5087970
-3.7924500,-38.5087200
-3.7925980,-38.5086480
-3.7927520,-38.5085720
-3.7929050,-38.5084950
-3.7930580,-38.5084270
-3.7932070,-38.5083580
-3.7933540,-38.5082930
-3.7934990,-38.5082240
-3.7936450,-38.5081520
-3.7937880,-38.5080910
-3.7939320,-38.5080180
-3.7940820,-38.5079420
-3.7942350,-38.5078740
-3.7943900,-38.5077970
-3.7945470,-38.5077320
-3.7947000,-38.5076560
-3.7948500,-38.5075870
-3.7949940,-38.5075230
-3.7951220,-38.5074730
-3.7952470,-38.5074230
-3.7953600,-38.5073780
-3.7954600,-38.5073320
-3.7955500,-38.5072940
-3.7956400,-38.5072630
-3.7957300,-38.5072330
-3.7958190,-38.5071950
-3.7959100,-38.5071600
-3.7960090,-38.5071300
-3.7961170,-38.5070990
-3.7962260,-38.5070610
-3.7963380,-38.5070270
-3.7964550,-38.5069850
-3.7965710,-38.5069310
-3.7966930,-38.5068820
-3.7968170,-38.5068320
-3.7969420,-38.5067670
-3.7970690,-38.5067100
-3.7971950,-38.5066530
-3.7973200,-38.5065880
-3.7974460,-38.5065310
-3.7975720,-38.5064740
-3.7976930,-38.5064160
-3.7978170,-38.5063590
-3.7979400,-38.5063020
-3.7980720,-38.5062410
-3.7982030,-38.5061840
-3.7983310,-38.5061190
-3.7984590,-38.5060620
-3.7985820,-38.5060040
-3.7987000,-38.5059550
-3.7988170,-38.5058980
-3.7989270,-38.5058440
-3.7990400,-38.5057950
-3.7991560,-38.5057450
-3.7992730,-38.5056920
-3.7993870,-38.5056340
-3.7995000,-38.5055920
-3.7996050,-38.5055470
-3.7997080,-38.5054970
-3.7998190,-38.5054510
-3.7999270,-38.5053940
-3.8000330,-38.5053440
-3.8001250,-38.5052990
-3.8002120,-38.5052490
-3.8003060,-38.5052300
-3.8003920,-38.5052150
-3.8004900,-38.5052300
-3.8005870,-38.5052530
-3.8006780,-38.5052990
-3.8007700,-38.5053630
-3.8008340,-38.5054590
-3.8008780,-38.5055660
-3.8008940,-38.5056800
-3.8008870,-38.5057950
-3.8008450,-38.5059010
-3.8007770,-38.5060040
-3.8006830,-38.5061000
-3.8005820,-38.5061570
-3.8004670,-38.5061870
-3.8003470,-38.5061870
-3.8002420,-38.5061650
-3.8001470,-38.5061260
-3.8000710,-38.5060620
-3.8000120,-38.5060040
-3.7999620,-38.5059390
-3.7999220,-38.5058710
-3.7998820,-38.5057950
-3.7998420,-38.5057110
-3.7997970,-38.5056300
-3.7997540,-38.5055470
-3.7997080,-38.5054510
-3.7996680,-38.5053480
-3.7996230,-38.5052530
-3.7995800,-38.5051650
-3.7995400,-38.5050700
-3.7994920,-38.5049670
-3.7994430,-38.5048710
-3.7993970,-38.5047760
-3.7993550,-38.5046770
-3.7993090,-38.5045740
-3.7992600,-38.5044710
-3.7992100,-38.5043640
-3.7991580,-38.5042420
-3.7991070,-38.5041350
-3.7990560,-38.5040210
-3.7990070,-38.5039060
-3.7989590,-38.5038030
-3.7989130,-38.5037040
-3.7988700,-38.5036130
-3.7988320,-38.5035320
-3.7987950,-38.5034410
-3.7987580,-38.5033650
-3.7987220,-38.5032880
-3.7986820,-38.5032080
-3.7986420,-38.5031170
-3.7986000,-38.5030360
-3.7985600,-38.5029450
-3.7985220,-38.5028500
-3.7984750,-38.5027620
-3.7984290,-38.5026590
-3.7983820,-38.5025600
-3.7983370,-38.5024570
-3.7982830,-38.5023500
-3.7982350,-38.5022390
-3.7981850,-38.5021320
-3.7981350,-38.5020180
-3.7980800,-38.5018960
-3.7980280,-38.5017810
-3.7979790,-38.5016750
-3.7979330,-38.5015720
-3.7978900,-38.5014720
-3.7978450,-38.5013770
-3.7978010,-38.5012740
-3.7977650,-38.5011790
-3.7977230,-38.5010910
-3.7976880,-38.5009990
-3.7976480,-38.5009190
-3.7976130,-38.5008350
-3.7975770,-38.5007670
-3.7975420,-38.5006830
-3.7975070,-38.5005990
-3.7974720,-38.5005190
-3.7974330,-38.5004430
-3.7973970,-38.5003660
-3.7973610,-38.5003010
-3.7973180,-38.5002250
-3.7972830,-38.5001560
-3.7972450,-38.5000720
-3.7972090,-38.4999960
-3.7971650,-38.4999120
-3.7971290,-38.4998360
-3.7970920,-38.4997600
-3.7970580,-38.4996830
-3.7970220,-38.4996030
-3.7969870,-38.4995190
-3.7969490,-38.4994320
-3.7969140,-38.4993360
-3.7968770,-38.4992520
-3.7968420,-38.4991680
-3.7968070,-38.4990920
-3.7967820,-38.4990120
-3.7967580,-38.4989280
-3.7967230,-38.4988590
-3.7966980,-38.4987830
-3.7966600,-38.4987110
-3.7966270,-38.4986340
-3.7965900,-38.4985580
-3.7965530,-38.4984780
-3.7965150,-38.4984020
-3.7964770,-38.4983100
-3.7964320,-38.4982220
-3.7963860,-38.4981380
-3.7963480,-38.4980510
-3.7963050,-38.4979550
-3.7962570,-38.4978600
-3.7962080,-38.4977570
-3.7961620,-38.4976620
-3.7961130,-38.4975620
-3.7960750,-38.4974710
-3.7960460,-38.4974020
-3.7960250,-38.4973450
-3.7960040,-38.4972990
-3.7959920,-38.4972690
-3.7959900,-38.4972420
-3.7959850,-38.4972380
-3.7959880,-38.4972230
-3.7959920,-38.4972230
-3.7959930,-38.4972230
-3.7959930,-38.4972230
-3.7959950,-38.4972230
-3.7959950,-38.4972230
-3.7959950,-38.4972230
-3.7959970,-38.4972230
-3.7959970,-38.4972230
-3.7959970,-38.4972230
-3.7959970,-38.4972230
-3.7959970,-38.4972230
-3.7959970,-38.4972230
-3.7959850,-38.4972040
-3.7959740,-38.4971810
-3.7959550,-38.4971430
-3.7959270,-38.4970860
-3.7958970,-38.4970210
-3.7958600,-38.4969440
-3.7958200,-38.4968610
-3.7957700,-38.4967730
-3.7957250,-38.4966660
-3.7956790,-38.4965520
-3.7956330,-38.4964370
-3.7955870,-38.4963070
-3.7955550,-38.4961810
-3.7955230,-38.4960480
-3.7954970,-38.4959140
-3.7954740,-38.4957890
-3.7954530,-38.4956550
-3.7954420,-38.4955220
-3.7954390,-38.4953920
-3.7954450,-38.4952660
-3.7954500,-38.4951440
-3.7954550,-38.4950290
-3.7954670,-38.4949150
-3.7954770,-38.4948080
-3.7954920,-38.4947130
-3.7955000,-38.4946290
-3.7955090,-38.4945680
-3.7955220,-38.4945490
-3.7955350,-38.4945490
-3.7955390,-38.4945410
-3.7955400,-38.4945410
-3.7955400,-38.4945340
-3.7955400,-38.4945300
-3.7955450,-38.4945030
-3.7955520,-38.4944650
-3.7955570,-38.4944270
-3.7955550,-38.4943770
-3.7955590,-38.4943200
-3.7955650,-38.4942670
-3.7955700,-38.4942050
-3.7955770,-38.4941410
-3.7955780,-38.4940720
-3.7955820,-38.4940150
-3.7955830,-38.4939580
-3.7955900,-38.4939230
-3.7955940,-38.4938930
-3.7955950,-38.4938660
-3.7955990,-38.4938470
-3.7956020,-38.4938280
-3.7956070,-38.4938090
-3.7956100,-38.4937780
-3.7956170,-38.4937400
-3.7956240,-38.4936900
-3.7956300,-38.4936260
-3.7956330,-38.4935490
-3.7956420,-38.4934810
-3.7956540,-38.4934080
-3.7956580,-38.4933400
-3.7956650,-38.4932710
-3.7956740,-38.4931870
-3.7956810,-38.4931110
-3.7956900,-38.4930340
-3.7957000,-38.4929500
-3.7957120,-38.4928740
-3.7957200,-38.4927940
-3.7957280,-38.4927220
-3.7957370,-38.4926410
-3.7957450,-38.4925690
-3.7957530,-38.4924930
-3.7957600,-38.4924240
-3.7957700,-38.4923480
-3.7957790,-38.4922710
-3.7957880,-38.4921950
-3.7957970,-38.4921190
-3.7958040,-38.4920350
-3.7958130,-38.4919590
-3.7958220,-38.4918900
-3.7958300,-38.4918210
-3.7958370,-38.4917560
-3.7958450,-38.4916880
-3.7958520,-38.4916150
-3.7958620,-38.4915470
-3.7958700,-38.4914700
-3.7958800,-38.4914050
-3.7958900,-38.4913290
-3.7959000,-38.4912610
-3.7959100,-38.4912030
-3.7959170,-38.4911460
-3.7959240,-38.4910810
-3.7959350,-38.4910240
-3.7959470,-38.4909740
-3.7959530,-38.4909290
-3.7959590,-38.4908870
-3.7959600,-38.4908490
-3.7959640,-38.4907950
-3.7959720,-38.4907530
-3.7959750,-38.4906960
-3.7959820,-38.4906310
-3.7959880,-38.4905550
-3.7959990,-38.4904860
-3.7960060,-38.4904140
-3.7960130,-38.4903530
-3.7960210,-38.4903070
-3.7960250,-38.4902760
-3.7960280,-38.4902420
-3.7960280,-38.4902230
-3.7960300,-38.4901920
-3.7960370,-38.4901660
-3.7960400,-38.4901430
-3.7960420,-38.4901160
-3.7960460,-38.4900860
-3.7960480,-38.4900470
-3.7960500,-38.4900020
-3.7960550,-38.4899710
-3.7960600,-38.4899250
-3.7960670,-38.4898680
-3.7960720,-38.4898110
-3.7960780,-38.4897540
-3.7960800,-38.4896890
-3.7960880,-38.4896280
-3.7960970,-38.4895550
-3.7961070,-38.4894790
-3.7961170,-38.4893990
-3.7961270,-38.4893230
-3.7961330,-38.4892580
-3.7961440,-38.4891740
-3.7961500,-38.4890980
-3.7961570,-38.4890100
-3.7961640,-38.4889220
-3.7961700,-38.4888270
-3.7961860,-38.4887240
-3.7962020,-38.4886090
-3.7962140,-38.4885060
-3.7962270,-38.4884000
-3.7962390,-38.4882970
-3.7962520,-38.4881900
-3.7962650,-38.4880830
-3.7962770,-38.4879680
-3.7962920,-38.4878650
-3.7963040,-38.4877620
-3.7963170,-38.4876630
-3.7963300,-38.4875530
-3.7963470,-38.4874460
-3.7963550,-38.4873430
-3.7963650,-38.4872440
-3.7963710,-38.4871330
-3.7963710,-38.4870340
-3.7963710,-38.4869190
-3.7963710,-38.4868050
-3.7963650,-38.4866910
-3.7963570,-38.4865680
-3.7963480,-38.4864540
-3.7963350,-38.4863470
-3.7963170,-38.4862370
-3.7963120,-38.4861220
-3.7963000,-38.4860270
-3.7962880,-38.4859310
-3.7962750,-38.4858320
-3.7962620,-38.4857290
-3.7962530,-38.4856260
-3.7962470,-38.4855270
-3.7962390,-38.4854240
-3.7962280,-38.4853360
-3.7962230,-38.4852410
-3.7962170,-38.4851490
-3.7962020,-38.4850540
-3.7961930,-38.4849780
-3.7961840,-38.4848980
-3.7961720,-38.4848020
-3.7961640,-38.4847180
-3.7961570,-38.4846230
-3.7961450,-38.4845200
-3.7961320,-38.4844210
-3.7961290,-38.4843250
-3.7961220,-38.4842300
-3.7961120,-38.4841350
-3.7960990,-38.4840390
-3.7960870,-38.4839480
-3.7960770,-38.4838520
-3.7960650,-38.4837570
-3.7960500,-38.4836620
-3.7960310,-38.4835660
-3.7960150,-38.4834520
-3.7960050,-38.4833340
-3.7959930,-38.4832040
-3.7959930,-38.4830700
-3.7959830,-38.4829440
-3.7959720,-38.4828110
-3.7959600,-38.4826890
-3.7959530,-38.4825630
-3.7959470,-38.4824560
-3.7959420,-38.4823530
-3.7959370,-38.4822500
-3.7959330,-38.4821510
-3.7959270,-38.4820560
-3.7959130,-38.4819790
-3.7959000,-38.4818880
-3.7958940,-38.4818080
-3.7958850,-38.4817240
-3.7958750,-38.4816400
-3.7958670,-38.4815710
-3.7958670,-38.4815060
-3.7958730,-38.4814760
-3.7958720,-38.4814570
-3.7958720,-38.4814450
-3.7958680,-38.4814450
-3.7958670,-38.4814450
-3.7958640,-38.4814450
-3.7958600,-38.4814380
-3.7958550,-38.4814110
-3.7958540,-38.4813880
-3.7958500,-38.4813420
-3.7958430,-38.4813040
-3.7958350,-38.4812550
-3.7958340,-38.4812010
-3.7958290,-38.4811400
-3.7958260,-38.4810680
-3.7958200,-38.4809910
-3.7958130,-38.4809150
-3.7958100,-38.4808270
-3.7958050,-38.4807430
-3.7957950,-38.4806560
-3.7957870,-38.4805680
-3.7957800,-38.4804730
-3.7957770,-38.4804000
-3.7957670,-38.4803240
-3.7957620,-38.4802700
-3.7957570,-38.4802170
-3.7957550,-38.4801600
-3.7957520,-38.4800910
-3.7957520,-38.4800150
-3.7957450,-38.4799420
-3.7957370,-38.4798620
-3.7957250,-38.4797900
-3.7957220,-38.4797130
-3.7957080,-38.4796450
-3.7956970,-38.4795680
-3.7956880,-38.4794920
-3.7956790,-38.4794240
-3.7956620,-38.4793320
-3.7956570,-38.4792440
-3.7956470,-38.4791490
-3.7956400,-38.4790610
-3.7956350,-38.4789730
-3.7956250,-38.4788820
-3.7956150,-38.4787940
-3.7956020,-38.4786990
-3.7955940,-38.4785960
-3.7955850,-38.4784810
-3.7955770,-38.4783630
-3.7955720,-38.4782490
-3.7955620,-38.4781460
-3.7955550,-38.4780430
-3.7955570,-38.4779430
-3.7955450,-38.4778520
-3.7955400,-38.4777760
-3.7955350,-38.4777070
-3.7955340,-38.4776380
-3.7955320,-38.4775770
-3.7955280,-38.4775350
-3.7955280,-38.4775010
-3.7955270,-38.4774890
-3.7955220,-38.4774890
-3.7955220,-38.4774700
-3.7955190,-38.4774480
-3.7955150,-38.4773940
-3.7955030,-38.4773330
-3.7954970,-38.4772570
-3.7954900,-38.4771650
-3.7954830,-38.4770700
-3.7954770,-38.4769670
-3.7954630,-38.4768600
-3.7954400,-38.4760090
-3.7954400,-38.4760090
-3.7954390,-38.4760090
-3.7954370,-38.4760090
-3.7954370,-38.4760090
-3.7954370,-38.4760090
-3.7954370,-38.4760090
-3.7954370,-38.4760090
-3.7954370,-38.4760090
-3.7954350,-38.4760090
-3.7954350,-38.4760090
-3.7954350,-38.4760090
-3.7954340,-38.4760090
-3.7954320,-38.4760090
-3.7954320,-38.4760090
-3.7954320,-38.4760090
-3.7954320,-38.4760090
-3.7954320,-38.4760090
-3.7954320,-38.4760090
-3.7954340,-38.4760090
-3.7954340,-38.4760090
-3.7954340,-38.4760090
-3.7954350,-38.4760090
-3.7954350,-38.4760090
-3.7954350,-38.4760090
-3.7954370,-38.4760090
-3.7954370,-38.4760090
-3.7954390,-38.4760090
-3.7954390,-38.4760090
-3.7954400,-38.4760090
-3.7954420,-38.4760090
-3.7954440,-38.4760090
-3.7954450,-38.4760090
-3.7954470,-38.4760090
-3.7954490,-38.4760090
-3.7954490,-38.4760090
-3.7954490,-38.4760090
-3.7954490,-38.4760090
-3.7954490,-38.4760090
-3.7954470,-38.4760090
-3.7954470,-38.4760090
-3.7954470,-38.4760090
-3.7954450,-38.4760090
-3.7954420,-38.4760090
-3.7954270,-38.4759900
-3.7954080,-38.4759640
-3.7953930,-38.4759220
-3.7953830,-38.4758870
-3.7953850,-38.4758450
-3.7953970,-38.4758070
-3.7954250,-38.4757690
-3.7954670,-38.4757420
-3.7955270,-38.4757310
-3.7956020,-38.4757230
-3.7956800,-38.4757160
-3.7957670,-38.4757160
-3.7958620,-38.4757040
-3.7959620,-38.4756930
-3.7960700,-38.4756850
-3.7961840,-38.4756660
-3.7962920,-38.4756550
-3.7963970,-38.4756470
-3.7964950,-38.4756320
-3.7965900,-38.4756200
-3.7966920,-38.4756090
-3.7967920,-38.4756010
-3.7968950,-38.4755900
-3.7969950,-38.4755900
-3.7971000,-38.4755820
-3.7972000,-38.4755710
-3.7973000,-38.4755630
-3.7973950,-38.4755520
-3.7974830,-38.4755440
-3.7975690,-38.4755400
-3.7976470,-38.4755250
-3.7977200,-38.4755250
-3.7977850,-38.4755250
-3.7978470,-38.4755250
-3.7979050,-38.4755250
-3.7979660,-38.4755170
-3.7980260,-38.4755130
-3.7980850,-38.4755060
-3.7981530,-38.4755060
-3.7982300,-38.4755130
-3.7983130,-38.4755020
-3.7984050,-38.4754870
-3.7984970,-38.4754790
-3.7985890,-38.4754750
-3.7986840,-38.4754640
-3.7987820,-38.4754410
-3.7988770,-38.4754300
-3.7989740,-38.4754180
-3.7990770,-38.4754030
-3.7991870,-38.4753990
-3.7992980,-38.4753880
-3.7994070,-38.4753880
-3.7995280,-38.4753720
-3.7996550,-38.4753650
-3.7997870,-38.4753530
-3.7999240,-38.4753490
-3.8000620,-38.4753420
-3.8001980,-38.4753270
-3.8003280,-38.4753150
-3.8004520,-38.4753040
-3.8005730,-38.4752960
-3.8006900,-38.4752850
-3.8008030,-38.4752850
-3.8009100,-38.4752730
-3.8010080,-38.4752580
-3.8010980,-38.4752500
-3.8011780,-38.4752460
-3.8012470,-38.4752390
-3.8013070,-38.4752390
-3.8013580,-38.4752350
-3.8014050,-38.4752350
-3.8014480,-38.4752270
-3.8014800,-38.4752200
-3.8015120,-38.4752200
-3.8015430,-38.4752120
-3.8015790,-38.4752120
-3.8016090,-38.4752200
-3.8016300,-38.4752460
-3.8016410,-38.4752850
-3.8016520,-38.4753420
-3.8016570,-38.4754100
-3.8016650,-38.4754870
-3.8016730,-38.4755710
-3.8016780,-38.4756550
-3.8016850,-38.4757460
-3.8016900,-38.4758300
-3.8016950,-38.4759060
-3.8016970,-38.4759600
-3.8016950,-38.4759900
-3.8017000,-38.4760090
-3.8017050,-38.4760210
-3.8017070,-38.4760210
-3.8017130,-38.4760400
-3.8017320,-38.4760400
-3.8017600,-38.4760480
-3.8018030,-38.4760480
-3.8018580,-38.4760360
-3.8019290,-38.4760280
-3.8020060,-38.4760210
-3.8020820,-38.4760090
-3.8021620,-38.4759980
-3.8022420,-38.4759900
-3.8023280,-38.4759830
-3.8024250,-38.4759750
-3.8025250,-38.4759710
-3.8026250,-38.4759600
-3.8027180,-38.4759520
-3.8028000,-38.4759450
-3.8028690,-38.4759370
-3.8029170,-38.4759450
-3.8029470,-38.4759450
-3.8029650,-38.4759450
-3.8029770,-38.4759370
-3.8029850,-38.4759370
-3.8029830,-38.4759370
-3.8029830,-38.4759370
-3.8029940,-38.4759330
-3.8030150,-38.4759330
-3.8030500,-38.4759330
-3.8030830,-38.4759220
-3.8031120,-38.4759060
-3.8031270,-38.4758950
-3.8031350,-38.4758870
-3.8031330,-38.4758760
-3.8031330,-38.4758610
-3.8031320,-38.4758490
-3.8031280,-38.4758380
-3.8031220,-38.4758190
-3.8031170,-38.4758000
-3.8031090,-38.4757690
-3.8031020,-38.4757310
-3.8030900,-38.4756970
-3.8030870,-38.4756580
-3.8030830,-38.4756200
-3.8030830,-38.4755900
-3.8030970,-38.4755710
-3.8031100,-38.4755550
-3.8031280,-38.4755550
-3.8031520,-38.4755520
-3.8031820,-38.4755520
-3.8032160,-38.4755440
-3.8032430,-38.4755400
-3.8032680,-38.4755400
-3.8032940,-38.4755250
-3.8033190,-38.4755250
-3.8033400,-38.4755130
-3.8033650,-38.4755170
-3.8033880,-38.4755170
-3.8034050,-38.4755130
-3.8034130,-38.4755020
-3.8034230,-38.4755060
-3.8034370,-38.4755170
-3.8034400,-38.4755250
-3.8034400,-38.4755250
-3.8034370,-38.4755330
-3.8034320,-38.4755250
-3.8034300,-38.4755250
-3.8034280,-38.4755250
-3.8034300,-38.4755330
-3.8034320,-38.4755520
-3.8034350,-38.4755550
-3.8034370,-38.4755630
-3.8034350,-38.4755630
-3.8034370,-38.4755710
-3.8034390,-38.4755710
-3.8034390,-38.4755710
-3.8034390,-38.4755710
-3.8034390,-38.4755710
-3.8034390,-38.4755710
-3.8034390,-38.4755710
-3.8034390,-38.4755710
-3.8034390,-38.4755710
-3.8034420,-38.4755710
-3.8034420,-38.4755710
-3.8034420,-38.4755710
-3.8034400,-38.4755780
-3.8034370,-38.4755710
-3.8034350,-38.4755710
-3.8034320,-38.4755710
-3.8034320,-38.4755710
-3.8034320,-38.4755710
-3.8034320,-38.4755710
